repeat_coords	probe_count	on_target_sum	off_target_sum
chr4:3998-3998	10	324.23321762554974	0.0
chrX:123214-123253	35	3019.0838155281194	5.83137351999409
