chr9:64884529-64884568	chr9:49055551-76694047	AAGGGAATTGAGTGCCATCAATCCGAATGTAATGGAATGG	42.92	139697	139734	0.9997352111869696	5.004241040918825	11884.312636832958	605.3486339459517	0.9515320214998753
chr9:72105216-72105261	chr9:49055551-76694047	AATTGAATAGAATCAATCCGAATGTTTGGAATGAAATGGGAACGGA	42.4	130619	130653	0.9997397687002976	5.0039021962837404	8895.082554407785	349.440110607934	0.9622003078719975
